-n 
10 2 0.040205
10 4 0.039045
10 6 0.062154
10 8 0.075424
20 2 0.056304
20 4 0.049672
20 6 0.092421
20 8 0.175446
30 2 0.053024
30 4 0.065069
30 6 0.093916
30 8 0.102588
40 2 0.075328
40 4 0.089556
40 6 0.110807
40 8 0.111908
50 2 0.090021
50 4 0.097720
50 6 0.117926
50 8 0.118702
60 2 0.104351
60 4 0.103643
60 6 0.128429
60 8 0.128023
70 2 0.120717
70 4 0.111411
70 6 0.153400
70 8 0.159553
80 2 0.129430
80 4 0.119048
80 6 0.148325
80 8 0.172611
90 2 0.143228
90 4 0.125986
90 6 0.165223
90 8 0.195027
100 2 0.158396
100 4 0.139461
100 6 0.195670
100 8 0.240411
150 2 0.280433
150 4 0.205327
150 6 0.238063
150 8 0.265991
200 2 0.336747
200 4 0.298990
200 6 0.345368
200 8 0.408730
300 2 0.554155
300 4 0.434639
300 6 0.483567
300 8 0.545148
400 2 0.753840
400 4 0.577507
400 6 0.628673
400 8 0.675959
500 2 0.987589
500 4 0.782186
500 6 0.800683
500 8 0.811035
600 2 1.215862
600 4 0.875627
600 6 0.941559
600 8 0.947104
700 2 1.465885
700 4 1.023203
700 6 1.098861
700 8 1.076933
800 2 1.710460
800 4 1.189128
800 6 1.243452
800 8 1.246025
900 2 1.939935
900 4 1.337696
900 6 1.411704
900 8 1.354609
1000 2 2.208436
1000 4 1.516448
1000 6 1.535896
1000 8 1.507149
1500 2 3.527716
1500 4 2.380630
1500 6 2.330065
1500 8 2.229669
2000 2 4.897857
2000 4 3.183262
2000 6 3.140362
2000 8 2.966705
3000 2 7.429253
3000 4 4.841122
3000 6 4.705049
3000 8 4.458457
4000 2 10.201533
4000 4 6.616112
4000 6 6.450136
4000 8 6.061122
5000 2 13.138276
5000 4 8.449554
5000 6 8.238007
5000 8 7.553957
6000 2 15.966255
6000 4 10.296636
6000 6 10.012873
6000 8 9.349998
7000 2 18.819318
7000 4 12.230450
7000 6 11.694220
7000 8 11.023914
8000 2 21.622368
8000 4 14.045352
8000 6 13.526088
8000 8 12.707703
9000 2 24.624884
9000 4 15.937282
9000 6 15.421983
9000 8 14.419600
10000 2 27.414012
10000 4 17.664528
10000 6 17.054853
10000 8 15.536277
